--
-- manifest for patch p14892743
--

-- patch prerequisites
-- patch requires build 30
14529450,30
14556290,30
14556282,30
14556268,30
14543336,30,setcollation
14556293,30
14590059,30
14529371,30
14568542,30
14568562,30
14507108,30
14558296,30
14569472,30
14569473,30
14569492,30
14657498,30
14585259,30,setcollation
14528293,30
14618309,30
14608268,30
14623623,30
14623658,30
14566526,30
14632279,30
14668173,30,setcollation
14681365,30
14697138,30
14537257,30
14551464,30
14567794,30
14571426,30,setcollation
14573920,30
14590854,30
14604332,30
14606116,30
14627469,30
14632318,30,setcollation
14633394,30,setcollation
14640144,30
14626896,30,setcollation
14681327,30
14727370,30
14665944,30
14652105,30
14825128,30
14446952,30,setcollation
14588437,30
14580254,30
14504590,30
14655659,30,setcollation
14673022,30
14720512,30
14761153,30
14705556,30
14739657,30
14539620,30
14793104,30,setcollation
14573732,30
14694926,30
14892743,30
